# x	y	u	v	flags	mask
2.7000e+01	4.6000e+02	2.1793e+01	-1.3847e+01	0.0000e+00	0.0000e+00
4.8000e+01	4.6000e+02	7.0981e+01	-6.9715e+01	0.0000e+00	0.0000e+00
6.9000e+01	4.6000e+02	-2.6813e+01	-6.9296e+01	0.0000e+00	0.0000e+00
9.0000e+01	4.6000e+02	7.4936e+01	-6.5266e+01	0.0000e+00	0.0000e+00
1.1100e+02	4.6000e+02	6.8476e+01	-6.8482e+01	0.0000e+00	0.0000e+00
1.3200e+02	4.6000e+02	-7.9260e+01	-6.2776e+01	0.0000e+00	0.0000e+00
1.5300e+02	4.6000e+02	-8.1639e+01	-3.7198e+01	0.0000e+00	0.0000e+00
1.7400e+02	4.6000e+02	2.1105e+02	-2.1904e+01	0.0000e+00	0.0000e+00
1.9500e+02	4.6000e+02	8.3967e+01	-2.9300e+01	0.0000e+00	0.0000e+00
2.1600e+02	4.6000e+02	7.7632e+01	-4.9206e+01	0.0000e+00	0.0000e+00
2.3700e+02	4.6000e+02	-6.8625e+01	-3.8794e+01	0.0000e+00	0.0000e+00
2.5800e+02	4.6000e+02	7.3780e+01	-6.4728e+01	0.0000e+00	0.0000e+00
2.7900e+02	4.6000e+02	4.9444e+01	-6.7335e+01	0.0000e+00	0.0000e+00
3.0000e+02	4.6000e+02	-8.1831e+01	-6.3754e+01	0.0000e+00	0.0000e+00
3.2100e+02	4.6000e+02	-8.4097e+01	-5.8966e+01	0.0000e+00	0.0000e+00
3.4200e+02	4.6000e+02	-7.0265e+01	-5.6942e+01	0.0000e+00	0.0000e+00
3.6300e+02	4.6000e+02	-7.7133e+01	-3.0594e+01	0.0000e+00	0.0000e+00
3.8400e+02	4.6000e+02	5.8073e+01	-6.9541e+01	0.0000e+00	0.0000e+00
4.0500e+02	4.6000e+02	-7.6704e+01	-6.4801e+01	0.0000e+00	0.0000e+00
4.2600e+02	4.6000e+02	-8.2210e+01	-6.3422e+01	0.0000e+00	0.0000e+00
4.4700e+02	4.6000e+02	4.2139e+02	-4.1668e+01	0.0000e+00	0.0000e+00
4.6800e+02	4.6000e+02	1.5665e+02	-4.4379e+01	0.0000e+00	0.0000e+00
4.8900e+02	4.6000e+02	-6.6974e+01	-3.5880e+01	0.0000e+00	0.0000e+00
5.1000e+02	4.6000e+02	1.1099e+01	-6.3329e+01	0.0000e+00	0.0000e+00
5.3100e+02	4.6000e+02	6.4202e+01	-6.5728e+01	0.0000e+00	0.0000e+00
5.5200e+02	4.6000e+02	-8.4862e+01	-3.4094e+01	0.0000e+00	0.0000e+00
5.7300e+02	4.6000e+02	-8.1304e+01	-2.8752e+01	0.0000e+00	0.0000e+00
5.9400e+02	4.6000e+02	-8.3931e+01	-3.1817e+01	0.0000e+00	0.0000e+00
6.1500e+02	4.6000e+02	7.9930e+01	-3.4256e+01	0.0000e+00	0.0000e+00
6.3600e+02	4.6000e+02	-6.8563e+01	-5.4129e+01	0.0000e+00	0.0000e+00
6.5700e+02	4.6000e+02	9.6948e+00	-6.6425e+01	0.0000e+00	0.0000e+00
6.7800e+02	4.6000e+02	6.8386e+01	-5.5158e+01	0.0000e+00	0.0000e+00
6.9900e+02	4.6000e+02	-3.6423e+01	-6.5250e+01	0.0000e+00	0.0000e+00
7.2000e+02	4.6000e+02	6.7612e+01	-6.3882e+01	0.0000e+00	0.0000e+00
7.4100e+02	4.6000e+02	-6.4705e+01	-2.7550e+01	0.0000e+00	0.0000e+00
7.6200e+02	4.6000e+02	-6.3728e+01	-8.7388e+00	0.0000e+00	0.0000e+00
7.8300e+02	4.6000e+02	5.1503e-01	5.0568e-01	0.0000e+00	0.0000e+00
8.0400e+02	4.6000e+02	6.6455e+01	-2.0259e+00	0.0000e+00	0.0000e+00
8.2500e+02	4.6000e+02	-7.6355e-01	-8.9056e+00	0.0000e+00	0.0000e+00
2.7000e+01	4.3900e+02	1.7123e+01	-2.0517e+02	0.0000e+00	0.0000e+00
4.8000e+01	4.3900e+02	6.8959e+01	-3.0237e+01	0.0000e+00	0.0000e+00
6.9000e+01	4.3900e+02	-2.3357e-01	-3.2316e+01	0.0000e+00	0.0000e+00
9.0000e+01	4.3900e+02	2.7830e+00	5.5792e+01	0.0000e+00	0.0000e+00
1.1100e+02	4.3900e+02	2.9320e+01	-7.7102e+00	0.0000e+00	0.0000e+00
1.3200e+02	4.3900e+02	-7.5055e+01	-7.9744e+00	0.0000e+00	0.0000e+00
1.5300e+02	4.3900e+02	-7.7684e+01	9.0886e+00	0.0000e+00	0.0000e+00
1.7400e+02	4.3900e+02	-2.1738e+02	2.1990e+01	0.0000e+00	0.0000e+00
1.9500e+02	4.3900e+02	7.5664e+01	5.2248e+00	0.0000e+00	0.0000e+00
2.1600e+02	4.3900e+02	6.7792e+01	-7.9357e+00	0.0000e+00	0.0000e+00
2.3700e+02	4.3900e+02	-6.8450e+01	-1.6388e+01	0.0000e+00	0.0000e+00
2.5800e+02	4.3900e+02	7.0484e+01	1.2603e+01	0.0000e+00	0.0000e+00
2.7900e+02	4.3900e+02	6.3698e+00	-2.6263e+00	0.0000e+00	0.0000e+00
3.0000e+02	4.3900e+02	-7.6522e+01	-2.6324e+00	0.0000e+00	0.0000e+00
3.2100e+02	4.3900e+02	-7.8842e+01	2.6046e-01	0.0000e+00	0.0000e+00
3.4200e+02	4.3900e+02	-6.7667e+01	3.5280e-01	0.0000e+00	0.0000e+00
3.6300e+02	4.3900e+02	-7.5458e+01	-6.1148e+00	0.0000e+00	0.0000e+00
3.8400e+02	4.3900e+02	3.8789e+01	-1.4300e+01	0.0000e+00	0.0000e+00
4.0500e+02	4.3900e+02	-6.9787e+01	-6.0362e-01	0.0000e+00	0.0000e+00
4.2600e+02	4.3900e+02	-7.5669e+01	-1.8074e+00	0.0000e+00	0.0000e+00
4.4700e+02	4.3900e+02	1.8276e+02	3.8007e+00	0.0000e+00	0.0000e+00
4.6800e+02	4.3900e+02	7.2320e+01	-6.7709e+00	0.0000e+00	0.0000e+00
4.8900e+02	4.3900e+02	-2.4269e+01	-9.4190e-01	0.0000e+00	0.0000e+00
5.1000e+02	4.3900e+02	8.5264e+00	-6.0945e+00	0.0000e+00	0.0000e+00
5.3100e+02	4.3900e+02	6.2788e+01	-2.4922e+00	0.0000e+00	0.0000e+00
5.5200e+02	4.3900e+02	-7.2565e+01	-1.7975e+00	0.0000e+00	0.0000e+00
5.7300e+02	4.3900e+02	-7.6953e+01	-1.1708e+00	0.0000e+00	0.0000e+00
5.9400e+02	4.3900e+02	-8.0233e+01	-1.2982e+00	0.0000e+00	0.0000e+00
6.1500e+02	4.3900e+02	6.3628e+01	-2.6355e-01	0.0000e+00	0.0000e+00
6.3600e+02	4.3900e+02	-6.8504e+01	1.5843e+00	0.0000e+00	0.0000e+00
6.5700e+02	4.3900e+02	5.6453e+01	-3.1289e+01	0.0000e+00	0.0000e+00
6.7800e+02	4.3900e+02	6.9715e+01	-1.0729e+01	0.0000e+00	0.0000e+00
6.9900e+02	4.3900e+02	-7.9457e+00	-1.9856e+01	0.0000e+00	0.0000e+00
7.2000e+02	4.3900e+02	9.9433e+00	-1.1270e+01	0.0000e+00	0.0000e+00
7.4100e+02	4.3900e+02	-6.4749e+01	6.6894e-02	0.0000e+00	0.0000e+00
7.6200e+02	4.3900e+02	-6.2634e+01	-2.3426e+01	0.0000e+00	0.0000e+00
7.8300e+02	4.3900e+02	1.3569e+00	-6.1524e+00	0.0000e+00	0.0000e+00
8.0400e+02	4.3900e+02	6.4034e+00	-3.1557e+01	0.0000e+00	0.0000e+00
8.2500e+02	4.3900e+02	-6.6265e+01	-7.8190e+01	0.0000e+00	0.0000e+00
2.7000e+01	4.1800e+02	7.0554e+00	-7.6328e+01	0.0000e+00	0.0000e+00
4.8000e+01	4.1800e+02	6.7398e+01	8.4766e+01	0.0000e+00	0.0000e+00
6.9000e+01	4.1800e+02	1.2460e+00	8.2535e+01	0.0000e+00	0.0000e+00
9.0000e+01	4.1800e+02	-4.4884e+00	7.6347e+01	0.0000e+00	0.0000e+00
1.1100e+02	4.1800e+02	1.0601e+01	7.8710e+01	0.0000e+00	0.0000e+00
1.3200e+02	4.1800e+02	-7.1646e+01	7.6079e+01	0.0000e+00	0.0000e+00
1.5300e+02	4.1800e+02	-3.0647e+00	-1.0910e+01	0.0000e+00	0.0000e+00
1.7400e+02	4.1800e+02	4.2063e+01	-8.0406e+01	0.0000e+00	0.0000e+00
1.9500e+02	4.1800e+02	6.4385e+00	-4.1900e+00	0.0000e+00	0.0000e+00
2.1600e+02	4.1800e+02	6.0945e+01	-7.3564e+01	0.0000e+00	0.0000e+00
2.3700e+02	4.1800e+02	-5.1260e+01	-1.1861e+02	0.0000e+00	0.0000e+00
2.5800e+02	4.1800e+02	6.5566e+01	8.1407e+01	0.0000e+00	0.0000e+00
2.7900e+02	4.1800e+02	2.5187e+00	7.7946e+01	0.0000e+00	0.0000e+00
3.0000e+02	4.1800e+02	-7.3289e+01	7.3845e+01	0.0000e+00	0.0000e+00
3.2100e+02	4.1800e+02	6.7255e+01	7.1224e+01	0.0000e+00	0.0000e+00
3.4200e+02	4.1800e+02	-1.5944e+01	-3.1667e+02	0.0000e+00	0.0000e+00
3.6300e+02	4.1800e+02	-7.3214e+01	3.7254e+02	0.0000e+00	0.0000e+00
3.8400e+02	4.1800e+02	2.8738e+01	8.2162e+01	0.0000e+00	0.0000e+00
4.0500e+02	4.1800e+02	-6.9865e+01	7.3290e+01	0.0000e+00	0.0000e+00
4.2600e+02	4.1800e+02	-6.8292e+01	7.2830e+01	0.0000e+00	0.0000e+00
4.4700e+02	4.1800e+02	6.8852e+01	-1.8094e+00	0.0000e+00	0.0000e+00
4.6800e+02	4.1800e+02	6.8693e+01	1.2730e+02	0.0000e+00	0.0000e+00
4.8900e+02	4.1800e+02	-2.1646e+01	7.7062e+01	0.0000e+00	0.0000e+00
5.1000e+02	4.1800e+02	1.1471e+01	8.1496e+01	0.0000e+00	0.0000e+00
5.3100e+02	4.1800e+02	5.6992e+01	7.8431e+01	0.0000e+00	0.0000e+00
5.5200e+02	4.1800e+02	-7.0380e+01	7.1920e+01	0.0000e+00	0.0000e+00
5.7300e+02	4.1800e+02	-6.9539e+01	7.2857e+01	0.0000e+00	0.0000e+00
5.9400e+02	4.1800e+02	1.0422e+00	6.9720e+01	0.0000e+00	0.0000e+00
6.1500e+02	4.1800e+02	-4.3026e+02	6.9721e+01	0.0000e+00	0.0000e+00
6.3600e+02	4.1800e+02	-6.5894e+01	6.9772e+01	0.0000e+00	0.0000e+00
6.5700e+02	4.1800e+02	8.0993e+00	6.9802e+01	0.0000e+00	0.0000e+00
6.7800e+02	4.1800e+02	6.9478e+01	6.8204e+01	0.0000e+00	0.0000e+00
6.9900e+02	4.1800e+02	-3.2755e+02	6.6456e+01	0.0000e+00	0.0000e+00
7.2000e+02	4.1800e+02	8.6575e+01	6.5946e+01	0.0000e+00	0.0000e+00
7.4100e+02	4.1800e+02	-8.2393e+01	6.9074e+01	0.0000e+00	0.0000e+00
7.6200e+02	4.1800e+02	-5.1146e+01	6.7150e+01	0.0000e+00	0.0000e+00
7.8300e+02	4.1800e+02	4.8676e+01	-6.6632e+01	0.0000e+00	0.0000e+00
8.0400e+02	4.1800e+02	-2.0753e+01	-6.0967e+01	0.0000e+00	0.0000e+00
8.2500e+02	4.1800e+02	-9.2456e+00	1.1459e+01	0.0000e+00	0.0000e+00
2.7000e+01	3.9700e+02	5.8975e+00	-8.9304e+01	0.0000e+00	0.0000e+00
4.8000e+01	3.9700e+02	6.6999e+01	-9.7622e+01	0.0000e+00	0.0000e+00
6.9000e+01	3.9700e+02	3.4631e+00	-7.5691e+01	0.0000e+00	0.0000e+00
9.0000e+01	3.9700e+02	-6.7269e+01	-7.0525e+01	0.0000e+00	0.0000e+00
1.1100e+02	3.9700e+02	6.2350e+00	7.6530e+01	0.0000e+00	0.0000e+00
1.3200e+02	3.9700e+02	-7.6375e+01	7.7354e+01	0.0000e+00	0.0000e+00
1.5300e+02	3.9700e+02	6.9154e+01	-7.0337e+01	0.0000e+00	0.0000e+00
1.7400e+02	3.9700e+02	7.5346e+00	-3.9811e+01	0.0000e+00	0.0000e+00
1.9500e+02	3.9700e+02	-6.7799e+01	-6.4870e+01	0.0000e+00	0.0000e+00
2.1600e+02	3.9700e+02	9.2000e+00	-7.0095e+01	0.0000e+00	0.0000e+00
2.3700e+02	3.9700e+02	-4.2323e+01	-7.2412e+01	0.0000e+00	0.0000e+00
2.5800e+02	3.9700e+02	2.7479e+01	-6.8983e+01	0.0000e+00	0.0000e+00
2.7900e+02	3.9700e+02	2.0688e+00	7.3545e+01	0.0000e+00	0.0000e+00
3.0000e+02	3.9700e+02	-7.1498e+01	7.3884e+01	0.0000e+00	0.0000e+00
3.2100e+02	3.9700e+02	1.4423e+01	-7.7936e+01	0.0000e+00	0.0000e+00
3.4200e+02	3.9700e+02	-6.4571e-01	-7.6267e+01	0.0000e+00	0.0000e+00
3.6300e+02	3.9700e+02	-7.0027e+01	-6.9848e+01	0.0000e+00	0.0000e+00
3.8400e+02	3.9700e+02	1.0368e+01	7.4864e+01	0.0000e+00	0.0000e+00
4.0500e+02	3.9700e+02	-6.8140e+01	7.2033e+01	0.0000e+00	0.0000e+00
4.2600e+02	3.9700e+02	-2.3509e+00	-1.6427e+00	0.0000e+00	0.0000e+00
4.4700e+02	3.9700e+02	6.3901e+01	-6.7590e+01	0.0000e+00	0.0000e+00
4.6800e+02	3.9700e+02	-7.2033e+01	-2.1700e+01	0.0000e+00	0.0000e+00
4.8900e+02	3.9700e+02	-6.9644e+01	-7.7125e+01	0.0000e+00	0.0000e+00
5.1000e+02	3.9700e+02	1.2213e+01	-6.9737e+01	0.0000e+00	0.0000e+00
5.3100e+02	3.9700e+02	6.7461e+01	8.0268e+01	0.0000e+00	0.0000e+00
5.5200e+02	3.9700e+02	-6.7894e+01	7.7370e+01	0.0000e+00	0.0000e+00
5.7300e+02	3.9700e+02	-8.6159e+00	-7.1168e+01	0.0000e+00	0.0000e+00
5.9400e+02	3.9700e+02	-1.4250e+01	-7.1374e+01	0.0000e+00	0.0000e+00
6.1500e+02	3.9700e+02	-8.4050e+01	-1.1642e+01	0.0000e+00	0.0000e+00
6.3600e+02	3.9700e+02	-4.0728e+01	-9.5328e+00	0.0000e+00	0.0000e+00
6.5700e+02	3.9700e+02	9.4753e-01	-4.7519e+00	0.0000e+00	0.0000e+00
6.7800e+02	3.9700e+02	1.5595e+02	-7.2528e-01	0.0000e+00	0.0000e+00
6.9900e+02	3.9700e+02	7.2224e+01	-1.1467e+00	0.0000e+00	0.0000e+00
7.2000e+02	3.9700e+02	7.8923e+01	-5.2038e-01	0.0000e+00	0.0000e+00
7.4100e+02	3.9700e+02	3.2482e+01	2.7533e+00	0.0000e+00	0.0000e+00
7.6200e+02	3.9700e+02	1.2245e+01	8.8104e-01	0.0000e+00	0.0000e+00
7.8300e+02	3.9700e+02	1.0791e+01	-4.6884e+00	0.0000e+00	0.0000e+00
8.0400e+02	3.9700e+02	-5.3645e+00	-5.1139e+00	0.0000e+00	0.0000e+00
8.2500e+02	3.9700e+02	7.5823e+00	3.0516e+00	0.0000e+00	0.0000e+00
2.7000e+01	3.7600e+02	5.1692e+00	-7.0062e+01	0.0000e+00	0.0000e+00
4.8000e+01	3.7600e+02	6.8141e+01	-7.5037e+01	0.0000e+00	0.0000e+00
6.9000e+01	3.7600e+02	-3.8140e-01	-6.7940e+01	0.0000e+00	0.0000e+00
9.0000e+01	3.7600e+02	-7.5165e+01	-3.0285e+01	0.0000e+00	0.0000e+00
1.1100e+02	3.7600e+02	3.0460e+00	7.0376e+01	0.0000e+00	0.0000e+00
1.3200e+02	3.7600e+02	-8.2150e+01	7.9915e+01	0.0000e+00	0.0000e+00
1.5300e+02	3.7600e+02	6.6108e+01	7.6975e+01	0.0000e+00	0.0000e+00
1.7400e+02	3.7600e+02	9.9344e-01	7.3233e+01	0.0000e+00	0.0000e+00
1.9500e+02	3.7600e+02	-7.3885e+01	7.1596e+01	0.0000e+00	0.0000e+00
2.1600e+02	3.7600e+02	-2.0064e+00	2.4447e+01	0.0000e+00	0.0000e+00
2.3700e+02	3.7600e+02	-4.2708e+01	6.6890e+01	0.0000e+00	0.0000e+00
2.5800e+02	3.7600e+02	1.8295e+01	8.6554e+00	0.0000e+00	0.0000e+00
2.7900e+02	3.7600e+02	2.5198e+00	7.0743e+01	0.0000e+00	0.0000e+00
3.0000e+02	3.7600e+02	-7.0770e+01	7.3261e+01	0.0000e+00	0.0000e+00
3.2100e+02	3.7600e+02	1.4606e+01	-8.0832e+01	0.0000e+00	0.0000e+00
3.4200e+02	3.7600e+02	1.9921e-01	-7.3766e+01	0.0000e+00	0.0000e+00
3.6300e+02	3.7600e+02	-7.4964e+01	-2.7748e+01	0.0000e+00	0.0000e+00
3.8400e+02	3.7600e+02	5.8802e+00	6.8906e+01	0.0000e+00	0.0000e+00
4.0500e+02	3.7600e+02	-7.2474e+01	7.2734e+01	0.0000e+00	0.0000e+00
4.2600e+02	3.7600e+02	7.0124e+01	7.8256e+01	0.0000e+00	0.0000e+00
4.4700e+02	3.7600e+02	3.3066e+01	7.2247e+01	0.0000e+00	0.0000e+00
4.6800e+02	3.7600e+02	-7.0490e+01	7.3418e+01	0.0000e+00	0.0000e+00
4.8900e+02	3.7600e+02	-6.9554e+01	-3.1357e+00	0.0000e+00	0.0000e+00
5.1000e+02	3.7600e+02	-1.2633e+00	1.1475e-01	0.0000e+00	0.0000e+00
5.3100e+02	3.7600e+02	-2.2726e+00	8.0978e+00	0.0000e+00	0.0000e+00
5.5200e+02	3.7600e+02	-6.7937e+01	6.5687e+01	0.0000e+00	0.0000e+00
5.7300e+02	3.7600e+02	6.6156e+01	-3.9340e+01	0.0000e+00	0.0000e+00
5.9400e+02	3.7600e+02	6.8129e+01	-1.9439e+01	0.0000e+00	0.0000e+00
6.1500e+02	3.7600e+02	-8.2554e+01	-1.0170e+01	0.0000e+00	0.0000e+00
6.3600e+02	3.7600e+02	-8.3436e+01	-7.5175e+00	0.0000e+00	0.0000e+00
6.5700e+02	3.7600e+02	-8.3457e+01	-6.1789e+00	0.0000e+00	0.0000e+00
6.7800e+02	3.7600e+02	2.4678e+02	-7.0481e+00	0.0000e+00	0.0000e+00
6.9900e+02	3.7600e+02	-7.8558e+01	-1.0639e+01	0.0000e+00	0.0000e+00
7.2000e+02	3.7600e+02	3.5971e+02	-2.0336e+01	0.0000e+00	0.0000e+00
7.4100e+02	3.7600e+02	-1.0872e+01	-1.2361e+01	0.0000e+00	0.0000e+00
7.6200e+02	3.7600e+02	-5.6381e+00	-4.4651e+00	0.0000e+00	0.0000e+00
7.8300e+02	3.7600e+02	7.2804e+01	7.7241e+01	0.0000e+00	0.0000e+00
8.0400e+02	3.7600e+02	-6.9099e+00	7.7568e+01	0.0000e+00	0.0000e+00
8.2500e+02	3.7600e+02	1.3038e+02	7.8559e+01	0.0000e+00	0.0000e+00
2.7000e+01	3.5500e+02	4.2340e+00	-4.6131e+01	0.0000e+00	0.0000e+00
4.8000e+01	3.5500e+02	6.6986e+01	1.5299e+02	0.0000e+00	0.0000e+00
6.9000e+01	3.5500e+02	1.2906e+00	7.4365e+01	0.0000e+00	0.0000e+00
9.0000e+01	3.5500e+02	-8.0891e+01	6.7537e+01	0.0000e+00	0.0000e+00
1.1100e+02	3.5500e+02	-1.2193e+01	6.7751e+01	0.0000e+00	0.0000e+00
1.3200e+02	3.5500e+02	-1.0297e+02	-3.5190e+02	0.0000e+00	0.0000e+00
1.5300e+02	3.5500e+02	3.3689e+01	7.0139e+01	0.0000e+00	0.0000e+00
1.7400e+02	3.5500e+02	6.3069e+01	6.9898e+01	0.0000e+00	0.0000e+00
1.9500e+02	3.5500e+02	-8.0122e+01	6.9342e+01	0.0000e+00	0.0000e+00
2.1600e+02	3.5500e+02	-1.5071e+02	6.9156e+01	0.0000e+00	0.0000e+00
2.3700e+02	3.5500e+02	-2.7682e+02	6.8666e+01	0.0000e+00	0.0000e+00
2.5800e+02	3.5500e+02	1.4971e+02	6.7537e+01	0.0000e+00	0.0000e+00
2.7900e+02	3.5500e+02	-4.5322e+01	6.8226e+01	0.0000e+00	0.0000e+00
3.0000e+02	3.5500e+02	-7.0058e+01	6.9253e+01	0.0000e+00	0.0000e+00
3.2100e+02	3.5500e+02	3.6797e+01	-2.4283e+02	0.0000e+00	0.0000e+00
3.4200e+02	3.5500e+02	-1.6385e-01	-1.5870e+02	0.0000e+00	0.0000e+00
3.6300e+02	3.5500e+02	-7.3524e+01	7.2107e+01	0.0000e+00	0.0000e+00
3.8400e+02	3.5500e+02	7.5655e+01	7.8406e+01	0.0000e+00	0.0000e+00
4.0500e+02	3.5500e+02	-5.7967e+00	-8.2566e+01	0.0000e+00	0.0000e+00
4.2600e+02	3.5500e+02	-3.7863e+00	-7.0716e+01	0.0000e+00	0.0000e+00
4.4700e+02	3.5500e+02	1.0863e+01	6.9905e+01	0.0000e+00	0.0000e+00
4.6800e+02	3.5500e+02	-8.4262e+01	6.9523e+01	0.0000e+00	0.0000e+00
4.8900e+02	3.5500e+02	-8.4561e+01	6.9226e+01	0.0000e+00	0.0000e+00
5.1000e+02	3.5500e+02	-8.7251e+01	6.8801e+01	0.0000e+00	0.0000e+00
5.3100e+02	3.5500e+02	2.8554e+02	6.8980e+01	0.0000e+00	0.0000e+00
5.5200e+02	3.5500e+02	-6.8635e+01	6.8886e+01	0.0000e+00	0.0000e+00
5.7300e+02	3.5500e+02	1.0731e+01	7.0418e+01	0.0000e+00	0.0000e+00
5.9400e+02	3.5500e+02	6.3931e+01	7.1704e+01	0.0000e+00	0.0000e+00
6.1500e+02	3.5500e+02	-8.5880e+01	7.0722e+01	0.0000e+00	0.0000e+00
6.3600e+02	3.5500e+02	-2.7372e+01	2.6054e+01	0.0000e+00	0.0000e+00
6.5700e+02	3.5500e+02	-8.6231e+01	7.0781e+01	0.0000e+00	0.0000e+00
6.7800e+02	3.5500e+02	7.3486e+01	7.0445e+01	0.0000e+00	0.0000e+00
6.9900e+02	3.5500e+02	-4.7945e+01	7.3658e+01	0.0000e+00	0.0000e+00
7.2000e+02	3.5500e+02	7.3239e+01	6.6856e+01	0.0000e+00	0.0000e+00
7.4100e+02	3.5500e+02	-3.9183e+00	6.9900e+01	0.0000e+00	0.0000e+00
7.6200e+02	3.5500e+02	-2.6498e+01	6.9109e+01	0.0000e+00	0.0000e+00
7.8300e+02	3.5500e+02	7.3284e+01	7.2408e+01	0.0000e+00	0.0000e+00
8.0400e+02	3.5500e+02	-8.9637e+00	7.8269e+01	0.0000e+00	0.0000e+00
8.2500e+02	3.5500e+02	1.2808e+02	7.9312e+01	0.0000e+00	0.0000e+00
2.7000e+01	3.3400e+02	3.9761e+00	-7.1620e+01	0.0000e+00	0.0000e+00
4.8000e+01	3.3400e+02	6.4447e+01	7.7058e+01	0.0000e+00	0.0000e+00
6.9000e+01	3.3400e+02	2.5272e+00	7.4527e+01	0.0000e+00	0.0000e+00
9.0000e+01	3.3400e+02	-7.0017e+01	7.2670e+01	0.0000e+00	0.0000e+00
1.1100e+02	3.3400e+02	6.3213e+01	-7.3827e+01	0.0000e+00	0.0000e+00
1.3200e+02	3.3400e+02	-7.5932e+01	-7.3116e+01	0.0000e+00	0.0000e+00
1.5300e+02	3.3400e+02	-3.2070e+00	-6.8702e+01	0.0000e+00	0.0000e+00
1.7400e+02	3.3400e+02	7.4242e+01	-6.7855e+01	0.0000e+00	0.0000e+00
1.9500e+02	3.3400e+02	6.9469e+01	-6.8086e+01	0.0000e+00	0.0000e+00
2.1600e+02	3.3400e+02	2.2229e+01	6.9097e+00	0.0000e+00	0.0000e+00
2.3700e+02	3.3400e+02	7.9090e+01	-6.4236e+01	0.0000e+00	0.0000e+00
2.5800e+02	3.3400e+02	1.1021e+02	-6.3535e+01	0.0000e+00	0.0000e+00
2.7900e+02	3.3400e+02	-5.4448e+01	-6.4612e+01	0.0000e+00	0.0000e+00
3.0000e+02	3.3400e+02	-6.8526e+01	-1.1799e+01	0.0000e+00	0.0000e+00
3.2100e+02	3.3400e+02	2.9282e+01	-8.9569e-01	0.0000e+00	0.0000e+00
3.4200e+02	3.3400e+02	0.0000e+00	5.8131e+00	0.0000e+00	0.0000e+00
3.6300e+02	3.3400e+02	-7.4497e+01	3.8774e+01	0.0000e+00	0.0000e+00
3.8400e+02	3.3400e+02	6.2698e+01	-7.8644e+01	0.0000e+00	0.0000e+00
4.0500e+02	3.3400e+02	-5.3321e+01	-7.3299e+01	0.0000e+00	0.0000e+00
4.2600e+02	3.3400e+02	-4.3545e+00	-8.4697e+01	0.0000e+00	0.0000e+00
4.4700e+02	3.3400e+02	7.6151e+00	-7.0701e+01	0.0000e+00	0.0000e+00
4.6800e+02	3.3400e+02	-1.9250e+02	-7.0697e+01	0.0000e+00	0.0000e+00
4.8900e+02	3.3400e+02	-6.9385e+01	-7.0150e+01	0.0000e+00	0.0000e+00
5.1000e+02	3.3400e+02	-2.6750e+02	-6.6538e+01	0.0000e+00	0.0000e+00
5.3100e+02	3.3400e+02	9.1952e+01	-6.7621e+01	0.0000e+00	0.0000e+00
5.5200e+02	3.3400e+02	-8.1690e+01	-6.7872e+01	0.0000e+00	0.0000e+00
5.7300e+02	3.3400e+02	-2.2861e+00	-6.5006e+01	0.0000e+00	0.0000e+00
5.9400e+02	3.3400e+02	-4.8634e+00	-5.8595e+01	0.0000e+00	0.0000e+00
6.1500e+02	3.3400e+02	-8.3893e+01	-6.0651e+01	0.0000e+00	0.0000e+00
6.3600e+02	3.3400e+02	-2.3467e+02	-2.0098e+01	0.0000e+00	0.0000e+00
6.5700e+02	3.3400e+02	1.5038e+02	-2.6128e+01	0.0000e+00	0.0000e+00
6.7800e+02	3.3400e+02	-1.8769e+00	-9.6564e+00	0.0000e+00	0.0000e+00
6.9900e+02	3.3400e+02	7.1703e+01	1.7905e+02	0.0000e+00	0.0000e+00
7.2000e+02	3.3400e+02	6.9432e+01	2.8051e+01	0.0000e+00	0.0000e+00
7.4100e+02	3.3400e+02	-1.9376e+01	6.3034e+01	0.0000e+00	0.0000e+00
7.6200e+02	3.3400e+02	-7.1633e+01	6.4433e+01	0.0000e+00	0.0000e+00
7.8300e+02	3.3400e+02	7.6227e+01	7.1803e+01	0.0000e+00	0.0000e+00
8.0400e+02	3.3400e+02	-1.1649e+01	7.1577e+01	0.0000e+00	0.0000e+00
8.2500e+02	3.3400e+02	1.2442e+02	8.1192e+01	0.0000e+00	0.0000e+00
2.7000e+01	3.1300e+02	3.8456e+00	-7.8379e+01	0.0000e+00	0.0000e+00
4.8000e+01	3.1300e+02	1.5048e+01	-1.7617e+01	0.0000e+00	0.0000e+00
6.9000e+01	3.1300e+02	-1.0802e+00	-4.1143e+02	0.0000e+00	0.0000e+00
9.0000e+01	3.1300e+02	-1.1661e+00	-6.5024e+01	0.0000e+00	0.0000e+00
1.1100e+02	3.1300e+02	1.7126e+01	-1.2194e+01	0.0000e+00	0.0000e+00
1.3200e+02	3.1300e+02	-7.8777e+01	-6.1546e+00	0.0000e+00	0.0000e+00
1.5300e+02	3.1300e+02	7.7153e+01	7.9881e-01	0.0000e+00	0.0000e+00
1.7400e+02	3.1300e+02	7.3142e+01	-1.2942e-01	0.0000e+00	0.0000e+00
1.9500e+02	3.1300e+02	7.8072e+01	-3.0943e-01	0.0000e+00	0.0000e+00
2.1600e+02	3.1300e+02	7.0655e+01	3.8145e-01	0.0000e+00	0.0000e+00
2.3700e+02	3.1300e+02	8.1768e+01	-2.6238e-01	0.0000e+00	0.0000e+00
2.5800e+02	3.1300e+02	8.2807e+01	-2.7937e-02	0.0000e+00	0.0000e+00
2.7900e+02	3.1300e+02	-6.4451e+01	-8.7808e-01	0.0000e+00	0.0000e+00
3.0000e+02	3.1300e+02	-6.9861e+01	9.2965e+00	0.0000e+00	0.0000e+00
3.2100e+02	3.1300e+02	7.6974e+00	1.4251e+01	0.0000e+00	0.0000e+00
3.4200e+02	3.1300e+02	1.5626e+00	-8.3532e+01	0.0000e+00	0.0000e+00
3.6300e+02	3.1300e+02	-1.1922e+02	-7.7697e+01	0.0000e+00	0.0000e+00
3.8400e+02	3.1300e+02	7.4768e+00	-7.1323e+01	0.0000e+00	0.0000e+00
4.0500e+02	3.1300e+02	-5.4411e+01	-7.0368e+01	0.0000e+00	0.0000e+00
4.2600e+02	3.1300e+02	-3.5828e-01	-7.1704e+01	0.0000e+00	0.0000e+00
4.4700e+02	3.1300e+02	6.6092e+01	-6.5035e+00	0.0000e+00	0.0000e+00
4.6800e+02	3.1300e+02	-8.0993e+01	-1.1004e+00	0.0000e+00	0.0000e+00
4.8900e+02	3.1300e+02	-6.8670e+01	-3.9429e+00	0.0000e+00	0.0000e+00
5.1000e+02	3.1300e+02	-1.4688e+02	-9.6870e+00	0.0000e+00	0.0000e+00
5.3100e+02	3.1300e+02	6.6828e+01	-1.3188e+00	0.0000e+00	0.0000e+00
5.5200e+02	3.1300e+02	-7.3641e+01	-8.4381e-01	0.0000e+00	0.0000e+00
5.7300e+02	3.1300e+02	-7.8476e+01	-8.3750e-01	0.0000e+00	0.0000e+00
5.9400e+02	3.1300e+02	-8.0341e+01	8.4834e-02	0.0000e+00	0.0000e+00
6.1500e+02	3.1300e+02	-7.8053e+01	-1.0261e+00	0.0000e+00	0.0000e+00
6.3600e+02	3.1300e+02	-2.0159e+02	-8.4518e-01	0.0000e+00	0.0000e+00
6.5700e+02	3.1300e+02	6.8628e+01	-1.9743e+00	0.0000e+00	0.0000e+00
6.7800e+02	3.1300e+02	-6.6020e+01	-2.0068e+01	0.0000e+00	0.0000e+00
6.9900e+02	3.1300e+02	8.2187e+01	7.2901e+01	0.0000e+00	0.0000e+00
7.2000e+02	3.1300e+02	1.2136e+00	7.0105e+01	0.0000e+00	0.0000e+00
7.4100e+02	3.1300e+02	-6.8439e+01	7.1813e+01	0.0000e+00	0.0000e+00
7.6200e+02	3.1300e+02	-6.5684e+01	7.4138e+01	0.0000e+00	0.0000e+00
7.8300e+02	3.1300e+02	-6.4319e+01	7.6607e+01	0.0000e+00	0.0000e+00
8.0400e+02	3.1300e+02	-6.3052e+01	7.0887e+00	0.0000e+00	0.0000e+00
8.2500e+02	3.1300e+02	1.1850e+01	1.2316e+00	0.0000e+00	0.0000e+00
2.7000e+01	2.9200e+02	5.1305e+00	7.1213e+01	0.0000e+00	0.0000e+00
4.8000e+01	2.9200e+02	6.4039e+01	-7.5132e+01	0.0000e+00	0.0000e+00
6.9000e+01	2.9200e+02	-1.1323e+00	-7.4024e+01	0.0000e+00	0.0000e+00
9.0000e+01	2.9200e+02	-6.8942e-01	6.3617e+01	0.0000e+00	0.0000e+00
1.1100e+02	2.9200e+02	6.8733e+01	7.0136e+01	0.0000e+00	0.0000e+00
1.3200e+02	2.9200e+02	-8.6027e+01	6.9282e+01	0.0000e+00	0.0000e+00
1.5300e+02	2.9200e+02	8.6625e+01	6.9599e+01	0.0000e+00	0.0000e+00
1.7400e+02	2.9200e+02	7.8406e+01	6.9815e+01	0.0000e+00	0.0000e+00
1.9500e+02	2.9200e+02	7.8368e+01	6.9917e+01	0.0000e+00	0.0000e+00
2.1600e+02	2.9200e+02	1.0665e+01	6.9969e+01	0.0000e+00	0.0000e+00
2.3700e+02	2.9200e+02	8.6823e+01	6.9924e+01	0.0000e+00	0.0000e+00
2.5800e+02	2.9200e+02	7.1874e+01	7.0197e+01	0.0000e+00	0.0000e+00
2.7900e+02	2.9200e+02	-6.9324e+01	7.0195e+01	0.0000e+00	0.0000e+00
3.0000e+02	2.9200e+02	-7.0209e+01	7.0185e+01	0.0000e+00	0.0000e+00
3.2100e+02	2.9200e+02	1.0536e+01	6.3095e+01	0.0000e+00	0.0000e+00
3.4200e+02	2.9200e+02	1.9736e+00	-7.6502e+01	0.0000e+00	0.0000e+00
3.6300e+02	2.9200e+02	-1.1844e+02	-8.4483e+01	0.0000e+00	0.0000e+00
3.8400e+02	2.9200e+02	6.9523e+00	-8.0839e+01	0.0000e+00	0.0000e+00
4.0500e+02	2.9200e+02	-6.3157e+01	-7.5114e+01	0.0000e+00	0.0000e+00
4.2600e+02	2.9200e+02	-3.7411e+00	-7.3498e+01	0.0000e+00	0.0000e+00
4.4700e+02	2.9200e+02	1.3890e+01	9.1028e+01	0.0000e+00	0.0000e+00
4.6800e+02	2.9200e+02	6.4346e+01	8.0524e+01	0.0000e+00	0.0000e+00
4.8900e+02	2.9200e+02	-2.4750e+01	7.7948e+01	0.0000e+00	0.0000e+00
5.1000e+02	2.9200e+02	-6.6565e+01	8.5486e+01	0.0000e+00	0.0000e+00
5.3100e+02	2.9200e+02	1.0603e+01	8.1186e+01	0.0000e+00	0.0000e+00
5.5200e+02	2.9200e+02	-8.1226e+01	8.6263e+01	0.0000e+00	0.0000e+00
5.7300e+02	2.9200e+02	-8.5513e+01	9.1001e+01	0.0000e+00	0.0000e+00
5.9400e+02	2.9200e+02	-8.1640e+01	9.3728e+01	0.0000e+00	0.0000e+00
6.1500e+02	2.9200e+02	-8.6807e+01	9.5226e+01	0.0000e+00	0.0000e+00
6.3600e+02	2.9200e+02	7.0378e+01	9.2640e+01	0.0000e+00	0.0000e+00
6.5700e+02	2.9200e+02	5.7025e+01	7.8955e+01	0.0000e+00	0.0000e+00
6.7800e+02	2.9200e+02	-6.8090e+01	8.6483e+01	0.0000e+00	0.0000e+00
6.9900e+02	2.9200e+02	9.1936e+01	8.1800e+01	0.0000e+00	0.0000e+00
7.2000e+02	2.9200e+02	-1.6113e+01	6.7231e+01	0.0000e+00	0.0000e+00
7.4100e+02	2.9200e+02	-7.9799e+00	2.0077e+00	0.0000e+00	0.0000e+00
7.6200e+02	2.9200e+02	6.2385e+00	-4.3913e+01	0.0000e+00	0.0000e+00
7.8300e+02	2.9200e+02	7.2278e+01	-8.3497e+00	0.0000e+00	0.0000e+00
8.0400e+02	2.9200e+02	-1.9554e+01	-1.0381e+01	0.0000e+00	0.0000e+00
8.2500e+02	2.9200e+02	1.4891e+02	-1.2308e+00	0.0000e+00	0.0000e+00
2.7000e+01	2.7100e+02	5.8535e+00	-3.7523e+02	0.0000e+00	0.0000e+00
4.8000e+01	2.7100e+02	6.4684e+01	3.8931e+02	0.0000e+00	0.0000e+00
6.9000e+01	2.7100e+02	5.5356e-01	8.5712e+01	0.0000e+00	0.0000e+00
9.0000e+01	2.7100e+02	7.2054e+00	-6.5188e+01	0.0000e+00	0.0000e+00
1.1100e+02	2.7100e+02	7.3698e+01	-6.8284e+01	0.0000e+00	0.0000e+00
1.3200e+02	2.7100e+02	-8.6791e+01	-6.7701e+01	0.0000e+00	0.0000e+00
1.5300e+02	2.7100e+02	-7.5532e+01	-6.6210e+01	0.0000e+00	0.0000e+00
1.7400e+02	2.7100e+02	2.1613e+01	2.7907e+00	0.0000e+00	0.0000e+00
1.9500e+02	2.7100e+02	8.5997e+01	-6.4912e+01	0.0000e+00	0.0000e+00
2.1600e+02	2.7100e+02	1.2243e+02	-6.2977e+01	0.0000e+00	0.0000e+00
2.3700e+02	2.7100e+02	8.6675e+01	-3.3355e+01	0.0000e+00	0.0000e+00
2.5800e+02	2.7100e+02	8.0035e+01	-3.3312e+01	0.0000e+00	0.0000e+00
2.7900e+02	2.7100e+02	5.9685e+01	-6.5063e+01	0.0000e+00	0.0000e+00
3.0000e+02	2.7100e+02	-7.1979e+01	-6.3135e+01	0.0000e+00	0.0000e+00
3.2100e+02	2.7100e+02	8.8635e+00	-3.9452e+00	0.0000e+00	0.0000e+00
3.4200e+02	2.7100e+02	1.5911e+00	-7.3026e+01	0.0000e+00	0.0000e+00
3.6300e+02	2.7100e+02	-1.1922e+02	-8.0627e+01	0.0000e+00	0.0000e+00
3.8400e+02	2.7100e+02	6.7477e+00	-8.0244e+01	0.0000e+00	0.0000e+00
4.0500e+02	2.7100e+02	-1.1122e+01	-3.0115e+01	0.0000e+00	0.0000e+00
4.2600e+02	2.7100e+02	3.9751e+01	-7.3086e+01	0.0000e+00	0.0000e+00
4.4700e+02	2.7100e+02	-1.0068e+01	-7.6197e+00	0.0000e+00	0.0000e+00
4.6800e+02	2.7100e+02	6.9151e+01	-5.0255e+00	0.0000e+00	0.0000e+00
4.8900e+02	2.7100e+02	-1.7390e+01	-8.3832e+01	0.0000e+00	0.0000e+00
5.1000e+02	2.7100e+02	-1.0633e+01	-8.5476e+01	0.0000e+00	0.0000e+00
5.3100e+02	2.7100e+02	2.7619e+01	-7.0037e+01	0.0000e+00	0.0000e+00
5.5200e+02	2.7100e+02	-8.2807e+01	-6.8330e+01	0.0000e+00	0.0000e+00
5.7300e+02	2.7100e+02	-8.5896e+01	-6.7826e+01	0.0000e+00	0.0000e+00
5.9400e+02	2.7100e+02	-2.0752e+02	-6.6599e+01	0.0000e+00	0.0000e+00
6.1500e+02	2.7100e+02	-6.7154e+01	-6.4143e+01	0.0000e+00	0.0000e+00
6.3600e+02	2.7100e+02	1.0374e-01	-6.8540e+00	0.0000e+00	0.0000e+00
6.5700e+02	2.7100e+02	4.8808e+01	6.6078e+01	0.0000e+00	0.0000e+00
6.7800e+02	2.7100e+02	-7.5430e+01	8.2653e+01	0.0000e+00	0.0000e+00
6.9900e+02	2.7100e+02	1.3616e+01	-1.5340e+02	0.0000e+00	0.0000e+00
7.2000e+02	2.7100e+02	9.7896e-01	-6.2981e+01	0.0000e+00	0.0000e+00
7.4100e+02	2.7100e+02	-6.3720e+00	-6.7868e+01	0.0000e+00	0.0000e+00
7.6200e+02	2.7100e+02	5.6720e+00	6.9515e+01	0.0000e+00	0.0000e+00
7.8300e+02	2.7100e+02	7.5957e+01	7.5691e+01	0.0000e+00	0.0000e+00
8.0400e+02	2.7100e+02	-8.7209e+00	7.9102e+01	0.0000e+00	0.0000e+00
8.2500e+02	2.7100e+02	1.4974e+02	7.9869e+01	0.0000e+00	0.0000e+00
2.7000e+01	2.5000e+02	5.5627e+00	-7.5602e+01	0.0000e+00	0.0000e+00
4.8000e+01	2.5000e+02	6.2653e+01	-8.5512e+01	0.0000e+00	0.0000e+00
6.9000e+01	2.5000e+02	-1.7041e+00	-8.2736e+01	0.0000e+00	0.0000e+00
9.0000e+01	2.5000e+02	7.8412e+01	-2.4516e+01	0.0000e+00	0.0000e+00
1.1100e+02	2.5000e+02	1.5533e+01	-8.0830e+00	0.0000e+00	0.0000e+00
1.3200e+02	2.5000e+02	-7.7157e+01	-4.3220e+00	0.0000e+00	0.0000e+00
1.5300e+02	2.5000e+02	-7.7641e+01	-6.7429e-01	0.0000e+00	0.0000e+00
1.7400e+02	2.5000e+02	-3.4752e+02	-3.1008e-02	0.0000e+00	0.0000e+00
1.9500e+02	2.5000e+02	8.2903e+01	1.6441e-02	0.0000e+00	0.0000e+00
2.1600e+02	2.5000e+02	7.8319e+01	-6.8295e-01	0.0000e+00	0.0000e+00
2.3700e+02	2.5000e+02	8.0169e+01	-4.3604e-01	0.0000e+00	0.0000e+00
2.5800e+02	2.5000e+02	6.9843e+01	-1.5352e+00	0.0000e+00	0.0000e+00
2.7900e+02	2.5000e+02	5.1017e+00	-3.2617e+00	0.0000e+00	0.0000e+00
3.0000e+02	2.5000e+02	-6.6779e+01	-1.8035e+01	0.0000e+00	0.0000e+00
3.2100e+02	2.5000e+02	6.7237e+00	-1.3021e+01	0.0000e+00	0.0000e+00
3.4200e+02	2.5000e+02	1.9363e-01	-6.7512e+00	0.0000e+00	0.0000e+00
3.6300e+02	2.5000e+02	-1.2029e+02	-4.8031e+01	0.0000e+00	0.0000e+00
3.8400e+02	2.5000e+02	9.8648e+00	-7.6881e+01	0.0000e+00	0.0000e+00
4.0500e+02	2.5000e+02	-7.2374e+00	-6.3457e+01	0.0000e+00	0.0000e+00
4.2600e+02	2.5000e+02	9.1933e-01	-1.7977e+00	0.0000e+00	0.0000e+00
4.4700e+02	2.5000e+02	-1.1163e+01	-6.1578e+00	0.0000e+00	0.0000e+00
4.6800e+02	2.5000e+02	5.6997e+00	-6.2705e+01	0.0000e+00	0.0000e+00
4.8900e+02	2.5000e+02	-1.6423e+00	-2.1726e+00	0.0000e+00	0.0000e+00
5.1000e+02	2.5000e+02	-1.6668e+02	-7.2677e+00	0.0000e+00	0.0000e+00
5.3100e+02	2.5000e+02	6.0359e+01	5.3840e+00	0.0000e+00	0.0000e+00
5.5200e+02	2.5000e+02	-4.5549e+00	-4.3161e-01	0.0000e+00	0.0000e+00
5.7300e+02	2.5000e+02	-5.8210e+00	1.7679e+00	0.0000e+00	0.0000e+00
5.9400e+02	2.5000e+02	-1.6465e+00	1.4566e+00	0.0000e+00	0.0000e+00
6.1500e+02	2.5000e+02	-6.5498e+01	1.5370e+01	0.0000e+00	0.0000e+00
6.3600e+02	2.5000e+02	-6.3688e+01	-4.6156e+00	0.0000e+00	0.0000e+00
6.5700e+02	2.5000e+02	1.1109e+00	2.7349e+01	0.0000e+00	0.0000e+00
6.7800e+02	2.5000e+02	-1.1825e+02	8.4954e+01	0.0000e+00	0.0000e+00
6.9900e+02	2.5000e+02	1.9757e+01	-8.3058e+01	0.0000e+00	0.0000e+00
7.2000e+02	2.5000e+02	6.5890e+01	-7.6437e+01	0.0000e+00	0.0000e+00
7.4100e+02	2.5000e+02	-1.6795e+00	-6.3692e+01	0.0000e+00	0.0000e+00
7.6200e+02	2.5000e+02	-4.0289e+00	-6.5297e+01	0.0000e+00	0.0000e+00
7.8300e+02	2.5000e+02	6.6154e+01	5.9742e+00	0.0000e+00	0.0000e+00
8.0400e+02	2.5000e+02	-1.5840e+01	8.2568e+01	0.0000e+00	0.0000e+00
8.2500e+02	2.5000e+02	1.4536e+02	8.7197e+01	0.0000e+00	0.0000e+00
2.7000e+01	2.2900e+02	4.6818e+00	-6.5932e+01	0.0000e+00	0.0000e+00
4.8000e+01	2.2900e+02	3.6649e+01	-8.0144e+01	0.0000e+00	0.0000e+00
6.9000e+01	2.2900e+02	-1.4436e+00	-8.1214e+01	0.0000e+00	0.0000e+00
9.0000e+01	2.2900e+02	7.7826e+01	8.0491e+01	0.0000e+00	0.0000e+00
1.1100e+02	2.2900e+02	6.4852e+00	7.6606e+01	0.0000e+00	0.0000e+00
1.3200e+02	2.2900e+02	-7.3727e+01	7.3098e+01	0.0000e+00	0.0000e+00
1.5300e+02	2.2900e+02	-7.3587e+01	7.3019e+01	0.0000e+00	0.0000e+00
1.7400e+02	2.2900e+02	8.6310e+01	8.2987e+01	0.0000e+00	0.0000e+00
1.9500e+02	2.2900e+02	8.6573e+01	8.5363e+01	0.0000e+00	0.0000e+00
2.1600e+02	2.2900e+02	2.4834e+02	1.1598e+02	0.0000e+00	0.0000e+00
2.3700e+02	2.2900e+02	8.5264e+01	1.2422e+02	0.0000e+00	0.0000e+00
2.5800e+02	2.2900e+02	6.9498e+01	7.6885e+01	0.0000e+00	0.0000e+00
2.7900e+02	2.2900e+02	2.2472e+01	-1.6405e+01	0.0000e+00	0.0000e+00
3.0000e+02	2.2900e+02	-6.7067e+01	-4.7075e+01	0.0000e+00	0.0000e+00
3.2100e+02	2.2900e+02	4.5207e+00	2.6325e+00	0.0000e+00	0.0000e+00
3.4200e+02	2.2900e+02	0.0000e+00	1.0941e+01	0.0000e+00	0.0000e+00
3.6300e+02	2.2900e+02	-1.1944e+02	7.2336e+01	0.0000e+00	0.0000e+00
3.8400e+02	2.2900e+02	8.3137e+00	-4.2355e+01	0.0000e+00	0.0000e+00
4.0500e+02	2.2900e+02	-8.2041e+00	2.5765e+00	0.0000e+00	0.0000e+00
4.2600e+02	2.2900e+02	-2.5124e-01	3.2803e+01	0.0000e+00	0.0000e+00
4.4700e+02	2.2900e+02	4.8297e+00	1.2044e+01	0.0000e+00	0.0000e+00
4.6800e+02	2.2900e+02	1.6709e+00	3.0691e+00	0.0000e+00	0.0000e+00
4.8900e+02	2.2900e+02	-6.0054e-01	1.2081e+00	0.0000e+00	0.0000e+00
5.1000e+02	2.2900e+02	1.1355e+00	-1.4996e+00	0.0000e+00	0.0000e+00
5.3100e+02	2.2900e+02	6.3810e+01	6.9950e+01	0.0000e+00	0.0000e+00
5.5200e+02	2.2900e+02	-5.7959e+00	4.8367e+00	0.0000e+00	0.0000e+00
5.7300e+02	2.2900e+02	1.3161e+00	1.1057e+01	0.0000e+00	0.0000e+00
5.9400e+02	2.2900e+02	-1.6587e+00	7.0153e-01	0.0000e+00	0.0000e+00
6.1500e+02	2.2900e+02	-6.8628e+01	6.7408e+01	0.0000e+00	0.0000e+00
6.3600e+02	2.2900e+02	-7.1939e+01	5.2095e+01	0.0000e+00	0.0000e+00
6.5700e+02	2.2900e+02	-8.5079e+00	7.2507e+01	0.0000e+00	0.0000e+00
6.7800e+02	2.2900e+02	-1.1907e+02	6.9965e+01	0.0000e+00	0.0000e+00
6.9900e+02	2.2900e+02	7.0169e+01	-7.9629e+01	0.0000e+00	0.0000e+00
7.2000e+02	2.2900e+02	6.7796e+01	2.0298e+00	0.0000e+00	0.0000e+00
7.4100e+02	2.2900e+02	6.5284e+01	9.4334e-01	0.0000e+00	0.0000e+00
7.6200e+02	2.2900e+02	-7.0004e+01	-1.6320e+00	0.0000e+00	0.0000e+00
7.8300e+02	2.2900e+02	-7.4125e+01	3.2242e+00	0.0000e+00	0.0000e+00
8.0400e+02	2.2900e+02	-1.1530e+01	8.1188e+01	0.0000e+00	0.0000e+00
8.2500e+02	2.2900e+02	1.4567e+02	8.5477e+01	0.0000e+00	0.0000e+00
2.7000e+01	2.0800e+02	3.6592e+00	-3.6518e+01	0.0000e+00	0.0000e+00
4.8000e+01	2.0800e+02	4.1768e+01	-1.9952e+02	0.0000e+00	0.0000e+00
6.9000e+01	2.0800e+02	-7.2763e-01	-8.6231e+01	0.0000e+00	0.0000e+00
9.0000e+01	2.0800e+02	1.2220e+01	7.6473e+01	0.0000e+00	0.0000e+00
1.1100e+02	2.0800e+02	1.1038e+00	7.6543e+01	0.0000e+00	0.0000e+00
1.3200e+02	2.0800e+02	-7.3957e+01	7.6218e+01	0.0000e+00	0.0000e+00
1.5300e+02	2.0800e+02	7.4210e+01	-6.7213e+01	0.0000e+00	0.0000e+00
1.7400e+02	2.0800e+02	6.9222e+01	-6.7267e+01	0.0000e+00	0.0000e+00
1.9500e+02	2.0800e+02	-8.6253e+01	-6.6921e+01	0.0000e+00	0.0000e+00
2.1600e+02	2.0800e+02	-7.4859e+01	-6.6150e+01	0.0000e+00	0.0000e+00
2.3700e+02	2.0800e+02	-7.0623e+01	-6.6744e+01	0.0000e+00	0.0000e+00
2.5800e+02	2.0800e+02	8.7216e+00	-6.0782e+00	0.0000e+00	0.0000e+00
2.7900e+02	2.0800e+02	9.0007e+00	1.0417e+01	0.0000e+00	0.0000e+00
3.0000e+02	2.0800e+02	-6.7425e+01	8.5255e+00	0.0000e+00	0.0000e+00
3.2100e+02	2.0800e+02	4.1623e+00	6.2674e+01	0.0000e+00	0.0000e+00
3.4200e+02	2.0800e+02	2.9938e-01	6.8781e+01	0.0000e+00	0.0000e+00
3.6300e+02	2.0800e+02	-1.2201e+02	8.0209e+01	0.0000e+00	0.0000e+00
3.8400e+02	2.0800e+02	7.9248e+00	6.3854e+01	0.0000e+00	0.0000e+00
4.0500e+02	2.0800e+02	-4.6563e+01	-1.9054e+00	0.0000e+00	0.0000e+00
4.2600e+02	2.0800e+02	-7.2622e+01	7.9622e+01	0.0000e+00	0.0000e+00
4.4700e+02	2.0800e+02	-9.8157e+01	7.0886e+01	0.0000e+00	0.0000e+00
4.6800e+02	2.0800e+02	6.9383e+01	7.1494e+01	0.0000e+00	0.0000e+00
4.8900e+02	2.0800e+02	-5.5756e-01	1.4697e+01	0.0000e+00	0.0000e+00
5.1000e+02	2.0800e+02	-2.1851e+02	-2.1612e+02	0.0000e+00	0.0000e+00
5.3100e+02	2.0800e+02	6.8170e+01	7.6267e+01	0.0000e+00	0.0000e+00
5.5200e+02	2.0800e+02	-7.0812e+01	6.7174e+01	0.0000e+00	0.0000e+00
5.7300e+02	2.0800e+02	-7.6692e+00	6.7129e+01	0.0000e+00	0.0000e+00
5.9400e+02	2.0800e+02	-1.0895e+01	6.9573e+01	0.0000e+00	0.0000e+00
6.1500e+02	2.0800e+02	-7.9829e+01	7.2542e+01	0.0000e+00	0.0000e+00
6.3600e+02	2.0800e+02	-8.4077e+01	7.6395e+01	0.0000e+00	0.0000e+00
6.5700e+02	2.0800e+02	-1.7576e+02	8.8488e+01	0.0000e+00	0.0000e+00
6.7800e+02	2.0800e+02	-1.2041e+02	9.0342e+01	0.0000e+00	0.0000e+00
6.9900e+02	2.0800e+02	6.6309e+01	-7.6336e+01	0.0000e+00	0.0000e+00
7.2000e+02	2.0800e+02	-6.7604e+00	2.4693e+00	0.0000e+00	0.0000e+00
7.4100e+02	2.0800e+02	-6.7175e+01	6.9004e+01	0.0000e+00	0.0000e+00
7.6200e+02	2.0800e+02	-7.1450e+01	7.0186e+01	0.0000e+00	0.0000e+00
7.8300e+02	2.0800e+02	7.0704e+01	2.2185e+01	0.0000e+00	0.0000e+00
8.0400e+02	2.0800e+02	-6.6172e+00	-1.6815e+02	0.0000e+00	0.0000e+00
8.2500e+02	2.0800e+02	1.5061e+02	-8.7333e+01	0.0000e+00	0.0000e+00
2.7000e+01	1.8700e+02	4.3336e+00	4.0217e+01	0.0000e+00	0.0000e+00
4.8000e+01	1.8700e+02	4.1895e+01	-7.7899e+01	0.0000e+00	0.0000e+00
6.9000e+01	1.8700e+02	-2.2661e+00	-8.2382e+01	0.0000e+00	0.0000e+00
9.0000e+01	1.8700e+02	6.2922e+00	6.7702e+01	0.0000e+00	0.0000e+00
1.1100e+02	1.8700e+02	3.3343e+00	7.2020e+01	0.0000e+00	0.0000e+00
1.3200e+02	1.8700e+02	-7.9838e+01	7.2392e+01	0.0000e+00	0.0000e+00
1.5300e+02	1.8700e+02	6.8274e+01	8.2821e+01	0.0000e+00	0.0000e+00
1.7400e+02	1.8700e+02	1.9218e+00	7.6807e+01	0.0000e+00	0.0000e+00
1.9500e+02	1.8700e+02	-7.4194e+01	7.3213e+01	0.0000e+00	0.0000e+00
2.1600e+02	1.8700e+02	-6.6650e+01	7.2490e+01	0.0000e+00	0.0000e+00
2.3700e+02	1.8700e+02	-6.8616e+01	7.1555e+01	0.0000e+00	0.0000e+00
2.5800e+02	1.8700e+02	-1.3419e+02	-6.6258e+01	0.0000e+00	0.0000e+00
2.7900e+02	1.8700e+02	3.1480e+00	6.9526e+01	0.0000e+00	0.0000e+00
3.0000e+02	1.8700e+02	-7.4209e+01	7.1212e+01	0.0000e+00	0.0000e+00
3.2100e+02	1.8700e+02	5.6013e+01	7.3885e+01	0.0000e+00	0.0000e+00
3.4200e+02	1.8700e+02	-7.1104e+01	7.9265e+01	0.0000e+00	0.0000e+00
3.6300e+02	1.8700e+02	-1.2305e+02	-3.4244e+02	0.0000e+00	0.0000e+00
3.8400e+02	1.8700e+02	8.7598e+00	7.8714e+01	0.0000e+00	0.0000e+00
4.0500e+02	1.8700e+02	-4.1691e+01	7.1240e+01	0.0000e+00	0.0000e+00
4.2600e+02	1.8700e+02	-6.8925e+01	-6.6727e+01	0.0000e+00	0.0000e+00
4.4700e+02	1.8700e+02	-8.1136e+01	-2.2892e+01	0.0000e+00	0.0000e+00
4.6800e+02	1.8700e+02	6.8815e+01	-9.5396e+00	0.0000e+00	0.0000e+00
4.8900e+02	1.8700e+02	-6.6042e+01	-7.0294e+01	0.0000e+00	0.0000e+00
5.1000e+02	1.8700e+02	7.2403e+01	-6.8160e+01	0.0000e+00	0.0000e+00
5.3100e+02	1.8700e+02	2.7965e+00	-7.9290e+00	0.0000e+00	0.0000e+00
5.5200e+02	1.8700e+02	7.2976e+01	-4.1508e+01	0.0000e+00	0.0000e+00
5.7300e+02	1.8700e+02	6.3894e+00	-6.5147e+01	0.0000e+00	0.0000e+00
5.9400e+02	1.8700e+02	-1.4965e+01	-6.6469e+01	0.0000e+00	0.0000e+00
6.1500e+02	1.8700e+02	-8.5953e+01	-6.6240e+01	0.0000e+00	0.0000e+00
6.3600e+02	1.8700e+02	-2.9595e+02	-6.5858e+01	0.0000e+00	0.0000e+00
6.5700e+02	1.8700e+02	-7.5481e+01	-6.5259e+01	0.0000e+00	0.0000e+00
6.7800e+02	1.8700e+02	-8.0759e+01	-6.3152e+01	0.0000e+00	0.0000e+00
6.9900e+02	1.8700e+02	-5.5280e-01	3.7180e-01	0.0000e+00	0.0000e+00
7.2000e+02	1.8700e+02	-3.4912e+01	6.7183e+01	0.0000e+00	0.0000e+00
7.4100e+02	1.8700e+02	-6.5461e+00	-4.7943e+00	0.0000e+00	0.0000e+00
7.6200e+02	1.8700e+02	7.9884e+00	-3.1285e+01	0.0000e+00	0.0000e+00
7.8300e+02	1.8700e+02	-7.6963e+01	-6.2946e+01	0.0000e+00	0.0000e+00
8.0400e+02	1.8700e+02	-8.0371e+00	-7.7065e+00	0.0000e+00	0.0000e+00
8.2500e+02	1.8700e+02	1.6478e+02	-7.9315e+01	0.0000e+00	0.0000e+00
2.7000e+01	1.6600e+02	5.2349e+00	3.6595e+01	0.0000e+00	0.0000e+00
4.8000e+01	1.6600e+02	3.9986e+01	-8.4457e+01	0.0000e+00	0.0000e+00
6.9000e+01	1.6600e+02	-4.2895e+00	-8.3625e+01	0.0000e+00	0.0000e+00
9.0000e+01	1.6600e+02	1.7706e+00	6.9593e+01	0.0000e+00	0.0000e+00
1.1100e+02	1.6600e+02	9.2290e+00	6.8388e+01	0.0000e+00	0.0000e+00
1.3200e+02	1.6600e+02	-1.1419e+02	6.7624e+01	0.0000e+00	0.0000e+00
1.5300e+02	1.6600e+02	6.6666e+01	7.1149e+01	0.0000e+00	0.0000e+00
1.7400e+02	1.6600e+02	2.4656e+00	6.7987e+01	0.0000e+00	0.0000e+00
1.9500e+02	1.6600e+02	-7.2651e+01	7.0406e+01	0.0000e+00	0.0000e+00
2.1600e+02	1.6600e+02	6.6126e+01	6.4862e+01	0.0000e+00	0.0000e+00
2.3700e+02	1.6600e+02	8.3034e+00	2.0467e+00	0.0000e+00	0.0000e+00
2.5800e+02	1.6600e+02	-6.4098e+01	3.9711e+01	0.0000e+00	0.0000e+00
2.7900e+02	1.6600e+02	-6.8860e+01	7.1914e+01	0.0000e+00	0.0000e+00
3.0000e+02	1.6600e+02	-7.3088e+01	6.9592e+01	0.0000e+00	0.0000e+00
3.2100e+02	1.6600e+02	6.3418e+01	-8.7130e+00	0.0000e+00	0.0000e+00
3.4200e+02	1.6600e+02	-4.4864e+00	-7.3231e+01	0.0000e+00	0.0000e+00
3.6300e+02	1.6600e+02	-1.2112e+02	-8.3344e+01	0.0000e+00	0.0000e+00
3.8400e+02	1.6600e+02	8.3646e+00	6.8294e+01	0.0000e+00	0.0000e+00
4.0500e+02	1.6600e+02	-3.0865e+01	6.2829e+01	0.0000e+00	0.0000e+00
4.2600e+02	1.6600e+02	1.9123e+00	7.5002e+00	0.0000e+00	0.0000e+00
4.4700e+02	1.6600e+02	-1.1660e+02	3.7534e+01	0.0000e+00	0.0000e+00
4.6800e+02	1.6600e+02	6.9205e+01	-7.2569e+01	0.0000e+00	0.0000e+00
4.8900e+02	1.6600e+02	-4.8891e+01	-6.9746e+01	0.0000e+00	0.0000e+00
5.1000e+02	1.6600e+02	-7.7790e+00	3.3944e+01	0.0000e+00	0.0000e+00
5.3100e+02	1.6600e+02	-6.5033e+01	5.4715e+01	0.0000e+00	0.0000e+00
5.5200e+02	1.6600e+02	1.5657e+02	6.9506e+01	0.0000e+00	0.0000e+00
5.7300e+02	1.6600e+02	7.1385e+01	6.4981e+01	0.0000e+00	0.0000e+00
5.9400e+02	1.6600e+02	-7.2962e+01	5.4400e+01	0.0000e+00	0.0000e+00
6.1500e+02	1.6600e+02	-7.9735e+01	4.1502e+01	0.0000e+00	0.0000e+00
6.3600e+02	1.6600e+02	-7.1575e+01	1.9178e+01	0.0000e+00	0.0000e+00
6.5700e+02	1.6600e+02	-6.5635e+01	2.1475e+01	0.0000e+00	0.0000e+00
6.7800e+02	1.6600e+02	-6.8469e+01	4.9449e+01	0.0000e+00	0.0000e+00
6.9900e+02	1.6600e+02	-7.1375e+01	6.8432e+01	0.0000e+00	0.0000e+00
7.2000e+02	1.6600e+02	-1.3807e+00	-7.4518e+01	0.0000e+00	0.0000e+00
7.4100e+02	1.6600e+02	-3.2753e+00	6.8549e+01	0.0000e+00	0.0000e+00
7.6200e+02	1.6600e+02	2.1117e+00	6.9907e+01	0.0000e+00	0.0000e+00
7.8300e+02	1.6600e+02	-8.3418e+01	6.8902e+01	0.0000e+00	0.0000e+00
8.0400e+02	1.6600e+02	-1.1166e+01	6.7160e+01	0.0000e+00	0.0000e+00
8.2500e+02	1.6600e+02	1.6794e+02	7.8903e+01	0.0000e+00	0.0000e+00
2.7000e+01	1.4500e+02	3.9552e+00	-8.7429e+01	0.0000e+00	0.0000e+00
4.8000e+01	1.4500e+02	3.0764e+01	-5.5867e+01	0.0000e+00	0.0000e+00
6.9000e+01	1.4500e+02	-5.6206e+00	-4.0428e+01	0.0000e+00	0.0000e+00
9.0000e+01	1.4500e+02	-2.6283e+00	-1.5647e+01	0.0000e+00	0.0000e+00
1.1100e+02	1.4500e+02	1.2601e+02	1.5118e+02	0.0000e+00	0.0000e+00
1.3200e+02	1.4500e+02	-1.3492e+02	-7.0919e+01	0.0000e+00	0.0000e+00
1.5300e+02	1.4500e+02	6.6074e+01	-7.8168e+01	0.0000e+00	0.0000e+00
1.7400e+02	1.4500e+02	3.3580e+00	7.0467e+01	0.0000e+00	0.0000e+00
1.9500e+02	1.4500e+02	-6.2783e+01	-6.5682e+01	0.0000e+00	0.0000e+00
2.1600e+02	1.4500e+02	4.0332e+00	-2.8956e+00	0.0000e+00	0.0000e+00
2.3700e+02	1.4500e+02	4.2656e+00	8.7797e+01	0.0000e+00	0.0000e+00
2.5800e+02	1.4500e+02	-8.1625e+01	1.1537e+02	0.0000e+00	0.0000e+00
2.7900e+02	1.4500e+02	-3.7282e+02	1.3829e+02	0.0000e+00	0.0000e+00
3.0000e+02	1.4500e+02	-6.7794e+01	1.4019e+02	0.0000e+00	0.0000e+00
3.2100e+02	1.4500e+02	1.8595e+01	-4.9810e+00	0.0000e+00	0.0000e+00
3.4200e+02	1.4500e+02	-1.2455e+00	-4.5777e+01	0.0000e+00	0.0000e+00
3.6300e+02	1.4500e+02	-1.1850e+02	-5.7063e+01	0.0000e+00	0.0000e+00
3.8400e+02	1.4500e+02	3.8461e+00	1.4243e+00	0.0000e+00	0.0000e+00
4.0500e+02	1.4500e+02	6.6032e+01	-6.5582e+00	0.0000e+00	0.0000e+00
4.2600e+02	1.4500e+02	-4.4047e+01	-7.5706e+01	0.0000e+00	0.0000e+00
4.4700e+02	1.4500e+02	-1.1812e+02	-6.7618e+01	0.0000e+00	0.0000e+00
4.6800e+02	1.4500e+02	6.6840e+01	-6.5834e+01	0.0000e+00	0.0000e+00
4.8900e+02	1.4500e+02	-6.2753e+01	-3.1850e+00	0.0000e+00	0.0000e+00
5.1000e+02	1.4500e+02	-7.0401e+01	6.8017e+01	0.0000e+00	0.0000e+00
5.3100e+02	1.4500e+02	-7.1134e+01	7.9505e+01	0.0000e+00	0.0000e+00
5.5200e+02	1.4500e+02	2.6509e+02	1.6487e+02	0.0000e+00	0.0000e+00
5.7300e+02	1.4500e+02	1.7076e+02	1.6647e+02	0.0000e+00	0.0000e+00
5.9400e+02	1.4500e+02	-3.9057e+01	3.4741e+00	0.0000e+00	0.0000e+00
6.1500e+02	1.4500e+02	-2.4700e+02	4.3779e+00	0.0000e+00	0.0000e+00
6.3600e+02	1.4500e+02	7.1550e+01	1.3380e+02	0.0000e+00	0.0000e+00
6.5700e+02	1.4500e+02	-1.0874e+01	3.6351e+00	0.0000e+00	0.0000e+00
6.7800e+02	1.4500e+02	-7.2617e+01	4.4349e+02	0.0000e+00	0.0000e+00
6.9900e+02	1.4500e+02	1.8562e+02	1.0174e+02	0.0000e+00	0.0000e+00
7.2000e+02	1.4500e+02	-1.5476e-01	-4.2098e+00	0.0000e+00	0.0000e+00
7.4100e+02	1.4500e+02	-6.6057e+00	-1.3848e+01	0.0000e+00	0.0000e+00
7.6200e+02	1.4500e+02	2.6289e+00	-2.9643e+00	0.0000e+00	0.0000e+00
7.8300e+02	1.4500e+02	-8.3772e+01	-4.7206e+00	0.0000e+00	0.0000e+00
8.0400e+02	1.4500e+02	-6.6028e+01	-7.1206e+00	0.0000e+00	0.0000e+00
8.2500e+02	1.4500e+02	1.0223e+01	-7.1881e+00	0.0000e+00	0.0000e+00
2.7000e+01	1.2400e+02	4.7502e+00	3.6274e+01	0.0000e+00	0.0000e+00
4.8000e+01	1.2400e+02	2.1020e+01	7.7648e+01	0.0000e+00	0.0000e+00
6.9000e+01	1.2400e+02	-6.4033e+00	7.4402e+01	0.0000e+00	0.0000e+00
9.0000e+01	1.2400e+02	7.2323e+01	-6.9062e+01	0.0000e+00	0.0000e+00
1.1100e+02	1.2400e+02	7.1862e+01	-6.5562e+01	0.0000e+00	0.0000e+00
1.3200e+02	1.2400e+02	-8.1843e+01	-6.6296e+01	0.0000e+00	0.0000e+00
1.5300e+02	1.2400e+02	-1.6909e+00	-3.2579e+00	0.0000e+00	0.0000e+00
1.7400e+02	1.2400e+02	3.6389e+00	6.8912e+01	0.0000e+00	0.0000e+00
1.9500e+02	1.2400e+02	5.5823e+00	-3.7043e-01	0.0000e+00	0.0000e+00
2.1600e+02	1.2400e+02	2.0272e+01	-6.5778e+01	0.0000e+00	0.0000e+00
2.3700e+02	1.2400e+02	-7.1205e+01	-6.2794e+01	0.0000e+00	0.0000e+00
2.5800e+02	1.2400e+02	2.5833e+01	-9.8243e+00	0.0000e+00	0.0000e+00
2.7900e+02	1.2400e+02	6.7003e+01	-6.6217e+01	0.0000e+00	0.0000e+00
3.0000e+02	1.2400e+02	-8.4178e+01	-6.6072e+01	0.0000e+00	0.0000e+00
3.2100e+02	1.2400e+02	2.9502e+00	-2.0374e+01	0.0000e+00	0.0000e+00
3.4200e+02	1.2400e+02	2.7429e-01	7.0455e+01	0.0000e+00	0.0000e+00
3.6300e+02	1.2400e+02	-1.1757e+02	8.1393e+01	0.0000e+00	0.0000e+00
3.8400e+02	1.2400e+02	6.4104e+01	-6.8394e+01	0.0000e+00	0.0000e+00
4.0500e+02	1.2400e+02	-5.0350e+01	-6.8108e+01	0.0000e+00	0.0000e+00
4.2600e+02	1.2400e+02	-7.2463e+01	-7.3107e+01	0.0000e+00	0.0000e+00
4.4700e+02	1.2400e+02	6.7512e+01	-5.5214e+01	0.0000e+00	0.0000e+00
4.6800e+02	1.2400e+02	1.0994e+01	6.3713e+01	0.0000e+00	0.0000e+00
4.8900e+02	1.2400e+02	-6.9194e+01	6.9058e+01	0.0000e+00	0.0000e+00
5.1000e+02	1.2400e+02	-3.1144e+00	5.4856e+00	0.0000e+00	0.0000e+00
5.3100e+02	1.2400e+02	6.8425e+01	-6.5467e+01	0.0000e+00	0.0000e+00
5.5200e+02	1.2400e+02	-8.6352e+01	-6.5054e+01	0.0000e+00	0.0000e+00
5.7300e+02	1.2400e+02	-4.1475e+02	-6.5624e+01	0.0000e+00	0.0000e+00
5.9400e+02	1.2400e+02	8.4467e+01	-6.6200e+01	0.0000e+00	0.0000e+00
6.1500e+02	1.2400e+02	-7.3450e+01	-6.2849e+01	0.0000e+00	0.0000e+00
6.3600e+02	1.2400e+02	-6.7053e+01	-5.5611e+00	0.0000e+00	0.0000e+00
6.5700e+02	1.2400e+02	-9.5581e+00	7.2288e-01	0.0000e+00	0.0000e+00
6.7800e+02	1.2400e+02	-6.5576e+01	-2.4169e+01	0.0000e+00	0.0000e+00
6.9900e+02	1.2400e+02	4.5093e-01	-7.2221e+01	0.0000e+00	0.0000e+00
7.2000e+02	1.2400e+02	7.0599e+01	-8.0717e+01	0.0000e+00	0.0000e+00
7.4100e+02	1.2400e+02	-7.5045e+00	-6.5023e+01	0.0000e+00	0.0000e+00
7.6200e+02	1.2400e+02	-4.3395e+00	-8.3551e+00	0.0000e+00	0.0000e+00
7.8300e+02	1.2400e+02	-3.5447e+02	-9.0464e+00	0.0000e+00	0.0000e+00
8.0400e+02	1.2400e+02	-6.5749e+01	-6.3122e+01	0.0000e+00	0.0000e+00
8.2500e+02	1.2400e+02	-9.2638e+00	-2.1343e+00	0.0000e+00	0.0000e+00
2.7000e+01	1.0300e+02	3.3876e+00	-2.3043e+01	0.0000e+00	0.0000e+00
4.8000e+01	1.0300e+02	9.0288e+00	6.9443e+01	0.0000e+00	0.0000e+00
6.9000e+01	1.0300e+02	-2.5462e+01	6.9315e+01	0.0000e+00	0.0000e+00
9.0000e+01	1.0300e+02	7.3721e+01	7.3510e+01	0.0000e+00	0.0000e+00
1.1100e+02	1.0300e+02	2.5724e+01	7.0074e+01	0.0000e+00	0.0000e+00
1.3200e+02	1.0300e+02	-7.8583e+01	7.0767e+01	0.0000e+00	0.0000e+00
1.5300e+02	1.0300e+02	-8.2697e+01	7.0775e+01	0.0000e+00	0.0000e+00
1.7400e+02	1.0300e+02	2.4996e+02	7.0009e+01	0.0000e+00	0.0000e+00
1.9500e+02	1.0300e+02	7.3375e+01	6.9563e+01	0.0000e+00	0.0000e+00
2.1600e+02	1.0300e+02	6.8571e+01	7.6923e+01	0.0000e+00	0.0000e+00
2.3700e+02	1.0300e+02	-6.7755e+01	8.0501e+01	0.0000e+00	0.0000e+00
2.5800e+02	1.0300e+02	3.3697e+01	7.2253e+01	0.0000e+00	0.0000e+00
2.7900e+02	1.0300e+02	1.2261e+01	7.0979e+01	0.0000e+00	0.0000e+00
3.0000e+02	1.0300e+02	-8.1063e+01	7.1542e+01	0.0000e+00	0.0000e+00
3.2100e+02	1.0300e+02	-8.0612e+01	7.1368e+01	0.0000e+00	0.0000e+00
3.4200e+02	1.0300e+02	-7.2549e+01	7.0265e+01	0.0000e+00	0.0000e+00
3.6300e+02	1.0300e+02	-1.1547e+02	6.8392e+01	0.0000e+00	0.0000e+00
3.8400e+02	1.0300e+02	6.5407e+01	8.3552e+01	0.0000e+00	0.0000e+00
4.0500e+02	1.0300e+02	-3.8720e+01	7.6542e+01	0.0000e+00	0.0000e+00
4.2600e+02	1.0300e+02	-7.6080e+01	7.5756e+01	0.0000e+00	0.0000e+00
4.4700e+02	1.0300e+02	8.6578e+01	6.8554e+01	0.0000e+00	0.0000e+00
4.6800e+02	1.0300e+02	-6.5579e+01	7.6573e+01	0.0000e+00	0.0000e+00
4.8900e+02	1.0300e+02	-6.9538e+01	8.2655e+01	0.0000e+00	0.0000e+00
5.1000e+02	1.0300e+02	3.1897e+00	1.9772e+02	0.0000e+00	0.0000e+00
5.3100e+02	1.0300e+02	6.8051e+01	8.5596e+01	0.0000e+00	0.0000e+00
5.5200e+02	1.0300e+02	-6.8182e+01	7.4204e+01	0.0000e+00	0.0000e+00
5.7300e+02	1.0300e+02	-7.2882e+01	7.3606e+01	0.0000e+00	0.0000e+00
5.9400e+02	1.0300e+02	-5.9457e+01	6.9639e+01	0.0000e+00	0.0000e+00
6.1500e+02	1.0300e+02	-7.3400e+01	7.1207e+01	0.0000e+00	0.0000e+00
6.3600e+02	1.0300e+02	-7.9760e+01	7.2171e+01	0.0000e+00	0.0000e+00
6.5700e+02	1.0300e+02	2.0185e+02	6.9704e+01	0.0000e+00	0.0000e+00
6.7800e+02	1.0300e+02	-6.2791e+01	6.8621e+01	0.0000e+00	0.0000e+00
6.9900e+02	1.0300e+02	1.1327e+00	6.7027e+01	0.0000e+00	0.0000e+00
7.2000e+02	1.0300e+02	8.8718e+01	6.3740e+01	0.0000e+00	0.0000e+00
7.4100e+02	1.0300e+02	-7.6488e+01	6.5502e+01	0.0000e+00	0.0000e+00
7.6200e+02	1.0300e+02	-7.8174e+01	6.9218e+01	0.0000e+00	0.0000e+00
7.8300e+02	1.0300e+02	8.3717e+01	7.7693e+01	0.0000e+00	0.0000e+00
8.0400e+02	1.0300e+02	-1.0269e+01	7.9967e+01	0.0000e+00	0.0000e+00
8.2500e+02	1.0300e+02	-1.2039e+01	6.8380e+01	0.0000e+00	0.0000e+00
2.7000e+01	8.2000e+01	3.7983e+00	5.8324e+00	0.0000e+00	0.0000e+00
4.8000e+01	8.2000e+01	8.4942e+00	6.2839e+00	0.0000e+00	0.0000e+00
6.9000e+01	8.2000e+01	1.8594e+01	-8.0775e+00	0.0000e+00	0.0000e+00
9.0000e+01	8.2000e+01	3.9208e+00	-2.2324e+01	0.0000e+00	0.0000e+00
1.1100e+02	8.2000e+01	6.8665e+01	1.8591e+01	0.0000e+00	0.0000e+00
1.3200e+02	8.2000e+01	-7.3382e+01	5.8361e+00	0.0000e+00	0.0000e+00
1.5300e+02	8.2000e+01	-1.9428e+02	-5.7154e+00	0.0000e+00	0.0000e+00
1.7400e+02	8.2000e+01	1.8502e+02	-1.2250e+01	0.0000e+00	0.0000e+00
1.9500e+02	8.2000e+01	7.3980e+01	-1.8793e+01	0.0000e+00	0.0000e+00
2.1600e+02	8.2000e+01	8.6989e+00	5.9005e-01	0.0000e+00	0.0000e+00
2.3700e+02	8.2000e+01	-6.9758e+01	7.4133e+01	0.0000e+00	0.0000e+00
2.5800e+02	8.2000e+01	1.8132e+00	-1.5805e+00	0.0000e+00	0.0000e+00
2.7900e+02	8.2000e+01	-2.9280e+00	-5.2565e+00	0.0000e+00	0.0000e+00
3.0000e+02	8.2000e+01	-8.0619e+01	-7.4893e+00	0.0000e+00	0.0000e+00
3.2100e+02	8.2000e+01	-8.0091e+01	-6.2593e+00	0.0000e+00	0.0000e+00
3.4200e+02	8.2000e+01	-7.2391e+01	-7.9536e+00	0.0000e+00	0.0000e+00
3.6300e+02	8.2000e+01	-1.2207e+02	-2.9438e+01	0.0000e+00	0.0000e+00
3.8400e+02	8.2000e+01	1.1463e+01	-9.6511e+00	0.0000e+00	0.0000e+00
4.0500e+02	8.2000e+01	-3.9430e+01	6.9796e+01	0.0000e+00	0.0000e+00
4.2600e+02	8.2000e+01	-7.1419e+01	7.0078e+01	0.0000e+00	0.0000e+00
4.4700e+02	8.2000e+01	8.8062e+00	-1.4148e+00	0.0000e+00	0.0000e+00
4.6800e+02	8.2000e+01	3.7444e+01	-6.7535e+01	0.0000e+00	0.0000e+00
4.8900e+02	8.2000e+01	-7.2931e+01	-7.4734e+01	0.0000e+00	0.0000e+00
5.1000e+02	8.2000e+01	2.0187e+00	-1.3443e+02	0.0000e+00	0.0000e+00
5.3100e+02	8.2000e+01	6.8494e+01	8.0637e+01	0.0000e+00	0.0000e+00
5.5200e+02	8.2000e+01	-7.0948e+01	7.4634e+01	0.0000e+00	0.0000e+00
5.7300e+02	8.2000e+01	-6.8023e+01	-8.9556e+00	0.0000e+00	0.0000e+00
5.9400e+02	8.2000e+01	-9.3112e+00	-5.9180e+00	0.0000e+00	0.0000e+00
6.1500e+02	8.2000e+01	-7.8218e+01	-7.5909e+00	0.0000e+00	0.0000e+00
6.3600e+02	8.2000e+01	-2.5569e+02	-8.5315e+00	0.0000e+00	0.0000e+00
6.5700e+02	8.2000e+01	6.6486e+01	-8.2450e+00	0.0000e+00	0.0000e+00
6.7800e+02	8.2000e+01	-6.4823e+01	-1.0099e+01	0.0000e+00	0.0000e+00
6.9900e+02	8.2000e+01	-6.6378e-01	-2.4510e+01	0.0000e+00	0.0000e+00
7.2000e+02	8.2000e+01	1.3471e+02	-7.3493e+00	0.0000e+00	0.0000e+00
7.4100e+02	8.2000e+01	-2.0866e+01	-6.6358e+00	0.0000e+00	0.0000e+00
7.6200e+02	8.2000e+01	-7.7535e+01	-1.1202e+01	0.0000e+00	0.0000e+00
7.8300e+02	8.2000e+01	7.0006e+01	-1.2750e+01	0.0000e+00	0.0000e+00
8.0400e+02	8.2000e+01	-1.0977e+01	8.0302e+01	0.0000e+00	0.0000e+00
8.2500e+02	8.2000e+01	-1.2278e+01	7.6235e+01	0.0000e+00	0.0000e+00
2.7000e+01	6.1000e+01	5.8707e-02	-7.5028e+00	0.0000e+00	0.0000e+00
4.8000e+01	6.1000e+01	6.8636e-01	-4.9612e+00	0.0000e+00	0.0000e+00
6.9000e+01	6.1000e+01	3.7670e-01	-5.9886e+00	0.0000e+00	0.0000e+00
9.0000e+01	6.1000e+01	4.2709e-01	-3.7148e+00	0.0000e+00	0.0000e+00
1.1100e+02	6.1000e+01	2.6073e-01	-2.8687e+00	0.0000e+00	0.0000e+00
1.3200e+02	6.1000e+01	1.1863e+02	-1.2250e+01	0.0000e+00	0.0000e+00
1.5300e+02	6.1000e+01	7.8185e+01	-1.2224e+01	0.0000e+00	0.0000e+00
1.7400e+02	6.1000e+01	8.1331e+01	-1.1956e+01	0.0000e+00	0.0000e+00
1.9500e+02	6.1000e+01	3.1177e+01	-7.3561e+00	0.0000e+00	0.0000e+00
2.1600e+02	6.1000e+01	-3.5187e-02	2.5963e+01	0.0000e+00	0.0000e+00
2.3700e+02	6.1000e+01	-7.2330e+01	7.9186e+01	0.0000e+00	0.0000e+00
2.5800e+02	6.1000e+01	6.4391e+01	-7.5620e+01	0.0000e+00	0.0000e+00
2.7900e+02	6.1000e+01	1.4383e+01	-6.8058e+01	0.0000e+00	0.0000e+00
3.0000e+02	6.1000e+01	-8.2497e+01	-1.1625e+01	0.0000e+00	0.0000e+00
3.2100e+02	6.1000e+01	-7.9014e+01	-6.6825e+01	0.0000e+00	0.0000e+00
3.4200e+02	6.1000e+01	-7.8316e+01	-6.6673e+01	0.0000e+00	0.0000e+00
3.6300e+02	6.1000e+01	-5.2061e+00	-9.1304e+00	0.0000e+00	0.0000e+00
3.8400e+02	6.1000e+01	3.2998e+00	8.4052e+00	0.0000e+00	0.0000e+00
4.0500e+02	6.1000e+01	-4.6160e+01	7.3636e+01	0.0000e+00	0.0000e+00
4.2600e+02	6.1000e+01	-1.8852e+02	-9.4293e+01	0.0000e+00	0.0000e+00
4.4700e+02	6.1000e+01	6.6586e+01	-6.0650e+01	0.0000e+00	0.0000e+00
4.6800e+02	6.1000e+01	-6.9817e+01	-4.5740e+00	0.0000e+00	0.0000e+00
4.8900e+02	6.1000e+01	-7.6395e+01	3.4018e+01	0.0000e+00	0.0000e+00
5.1000e+02	6.1000e+01	-6.6324e-01	-7.3964e+00	0.0000e+00	0.0000e+00
5.3100e+02	6.1000e+01	6.8998e+01	4.0892e+02	0.0000e+00	0.0000e+00
5.5200e+02	6.1000e+01	-6.8945e+01	6.6612e+01	0.0000e+00	0.0000e+00
5.7300e+02	6.1000e+01	8.7016e+01	-6.9282e+01	0.0000e+00	0.0000e+00
5.9400e+02	6.1000e+01	-7.6303e+01	-6.8582e+01	0.0000e+00	0.0000e+00
6.1500e+02	6.1000e+01	-8.0227e+01	-6.8504e+01	0.0000e+00	0.0000e+00
6.3600e+02	6.1000e+01	-7.8409e+01	-6.9066e+01	0.0000e+00	0.0000e+00
6.5700e+02	6.1000e+01	-7.7244e+01	-6.8769e+01	0.0000e+00	0.0000e+00
6.7800e+02	6.1000e+01	-7.9678e+01	-6.7144e+01	0.0000e+00	0.0000e+00
6.9900e+02	6.1000e+01	-7.8641e+01	-6.7897e+01	0.0000e+00	0.0000e+00
7.2000e+02	6.1000e+01	-8.6366e+01	-6.6696e+01	0.0000e+00	0.0000e+00
7.4100e+02	6.1000e+01	-7.6705e+01	-6.5992e+01	0.0000e+00	0.0000e+00
7.6200e+02	6.1000e+01	-7.5759e+01	-3.3868e+01	0.0000e+00	0.0000e+00
7.8300e+02	6.1000e+01	-7.9755e+01	4.8400e+00	0.0000e+00	0.0000e+00
8.0400e+02	6.1000e+01	-1.0653e+01	7.3589e+01	0.0000e+00	0.0000e+00
8.2500e+02	6.1000e+01	-9.8334e+00	2.2186e+00	0.0000e+00	0.0000e+00
2.7000e+01	4.0000e+01	1.1363e-01	1.3324e+00	0.0000e+00	0.0000e+00
4.8000e+01	4.0000e+01	4.4613e-01	1.0440e+00	0.0000e+00	0.0000e+00
6.9000e+01	4.0000e+01	2.4042e-01	9.0937e-01	0.0000e+00	0.0000e+00
9.0000e+01	4.0000e+01	7.0978e-01	1.3751e+00	0.0000e+00	0.0000e+00
1.1100e+02	4.0000e+01	4.5830e-01	3.0212e+00	0.0000e+00	0.0000e+00
1.3200e+02	4.0000e+01	1.3396e+02	6.8492e+01	0.0000e+00	0.0000e+00
1.5300e+02	4.0000e+01	8.3917e+01	6.8434e+01	0.0000e+00	0.0000e+00
1.7400e+02	4.0000e+01	8.3996e+01	6.8319e+01	0.0000e+00	0.0000e+00
1.9500e+02	4.0000e+01	8.1734e+01	6.8619e+01	0.0000e+00	0.0000e+00
2.1600e+02	4.0000e+01	-6.9971e+01	6.8835e+01	0.0000e+00	0.0000e+00
2.3700e+02	4.0000e+01	-6.9871e+01	6.8760e+01	0.0000e+00	0.0000e+00
2.5800e+02	4.0000e+01	3.4446e+01	7.0325e+01	0.0000e+00	0.0000e+00
2.7900e+02	4.0000e+01	1.2435e+01	6.7804e+01	0.0000e+00	0.0000e+00
3.0000e+02	4.0000e+01	-8.2920e+01	6.7595e+01	0.0000e+00	0.0000e+00
3.2100e+02	4.0000e+01	1.6800e+02	6.8138e+01	0.0000e+00	0.0000e+00
3.4200e+02	4.0000e+01	-7.7910e+01	6.8548e+01	0.0000e+00	0.0000e+00
3.6300e+02	4.0000e+01	-8.5537e+01	6.8783e+01	0.0000e+00	0.0000e+00
3.8400e+02	4.0000e+01	8.6310e+01	6.8885e+01	0.0000e+00	0.0000e+00
4.0500e+02	4.0000e+01	-6.5444e+01	6.8674e+01	0.0000e+00	0.0000e+00
4.2600e+02	4.0000e+01	4.6463e+00	6.8427e+01	0.0000e+00	0.0000e+00
4.4700e+02	4.0000e+01	2.0811e+01	7.0192e+01	0.0000e+00	0.0000e+00
4.6800e+02	4.0000e+01	-8.2132e+01	6.8840e+01	0.0000e+00	0.0000e+00
4.8900e+02	4.0000e+01	-7.1900e+01	6.8131e+01	0.0000e+00	0.0000e+00
5.1000e+02	4.0000e+01	1.7802e+00	6.8077e+01	0.0000e+00	0.0000e+00
5.3100e+02	4.0000e+01	8.7587e+00	6.8708e+01	0.0000e+00	0.0000e+00
5.5200e+02	4.0000e+01	-1.5423e+02	6.7952e+01	0.0000e+00	0.0000e+00
5.7300e+02	4.0000e+01	8.5519e+01	6.8464e+01	0.0000e+00	0.0000e+00
5.9400e+02	4.0000e+01	-3.9811e+02	6.8170e+01	0.0000e+00	0.0000e+00
6.1500e+02	4.0000e+01	-8.1025e+01	6.7004e+01	0.0000e+00	0.0000e+00
6.3600e+02	4.0000e+01	-7.3052e+01	6.7548e+01	0.0000e+00	0.0000e+00
6.5700e+02	4.0000e+01	-7.8521e+01	6.5372e+01	0.0000e+00	0.0000e+00
6.7800e+02	4.0000e+01	-7.9730e+01	6.5693e+01	0.0000e+00	0.0000e+00
6.9900e+02	4.0000e+01	-8.4799e+01	6.6078e+01	0.0000e+00	0.0000e+00
7.2000e+02	4.0000e+01	-8.4293e+01	6.6138e+01	0.0000e+00	0.0000e+00
7.4100e+02	4.0000e+01	-7.6916e+01	6.8112e+01	0.0000e+00	0.0000e+00
7.6200e+02	4.0000e+01	-7.8167e+01	6.8797e+01	0.0000e+00	0.0000e+00
7.8300e+02	4.0000e+01	-3.2659e+02	6.8626e+01	0.0000e+00	0.0000e+00
8.0400e+02	4.0000e+01	-3.6194e+01	6.8653e+01	0.0000e+00	0.0000e+00
8.2500e+02	4.0000e+01	-5.3977e+00	5.5868e+01	0.0000e+00	0.0000e+00
2.7000e+01	1.9000e+01	7.2986e+01	-6.8492e+01	0.0000e+00	0.0000e+00
4.8000e+01	1.9000e+01	1.8397e+01	-9.9553e+00	0.0000e+00	0.0000e+00
6.9000e+01	1.9000e+01	7.9836e+01	-1.1187e+01	0.0000e+00	0.0000e+00
9.0000e+01	1.9000e+01	8.1568e+01	-1.0560e+01	0.0000e+00	0.0000e+00
1.1100e+02	1.9000e+01	7.9835e+01	-9.9019e+00	0.0000e+00	0.0000e+00
1.3200e+02	1.9000e+01	8.2841e+01	-1.0223e+01	0.0000e+00	0.0000e+00
1.5300e+02	1.9000e+01	8.1332e+01	-1.0669e+01	0.0000e+00	0.0000e+00
1.7400e+02	1.9000e+01	7.8502e+01	-1.1167e+01	0.0000e+00	0.0000e+00
1.9500e+02	1.9000e+01	8.4855e+01	-1.1396e+01	0.0000e+00	0.0000e+00
2.1600e+02	1.9000e+01	8.2398e+01	-9.6176e+00	0.0000e+00	0.0000e+00
2.3700e+02	1.9000e+01	7.1754e+01	-1.2056e+01	0.0000e+00	0.0000e+00
2.5800e+02	1.9000e+01	4.4106e+00	-1.0447e+01	0.0000e+00	0.0000e+00
2.7900e+02	1.9000e+01	-1.1422e+01	4.9938e+00	0.0000e+00	0.0000e+00
3.0000e+02	1.9000e+01	7.1247e+01	-1.3344e+00	0.0000e+00	0.0000e+00
3.2100e+02	1.9000e+01	8.1430e+01	-5.7414e+00	0.0000e+00	0.0000e+00
3.4200e+02	1.9000e+01	7.4918e+01	-7.5942e+00	0.0000e+00	0.0000e+00
3.6300e+02	1.9000e+01	8.4662e+01	-8.9922e+00	0.0000e+00	0.0000e+00
3.8400e+02	1.9000e+01	8.6795e+01	-9.4740e+00	0.0000e+00	0.0000e+00
4.0500e+02	1.9000e+01	8.3123e+01	-8.2686e+00	0.0000e+00	0.0000e+00
4.2600e+02	1.9000e+01	3.9465e+01	-1.0732e+01	0.0000e+00	0.0000e+00
4.4700e+02	1.9000e+01	5.1109e-01	-6.2691e+00	0.0000e+00	0.0000e+00
4.6800e+02	1.9000e+01	-7.8807e+01	-4.7235e+00	0.0000e+00	0.0000e+00
4.8900e+02	1.9000e+01	-7.3221e+01	-8.9183e+00	0.0000e+00	0.0000e+00
5.1000e+02	1.9000e+01	3.3719e-01	-1.7348e+01	0.0000e+00	0.0000e+00
5.3100e+02	1.9000e+01	-1.3361e-01	-7.3322e+00	0.0000e+00	0.0000e+00
5.5200e+02	1.9000e+01	-8.6540e+01	-4.8070e+00	0.0000e+00	0.0000e+00
5.7300e+02	1.9000e+01	2.0220e+02	-3.1236e+00	0.0000e+00	0.0000e+00
5.9400e+02	1.9000e+01	-2.0702e+02	-2.2588e+00	0.0000e+00	0.0000e+00
6.1500e+02	1.9000e+01	-1.2409e+02	-2.1904e+00	0.0000e+00	0.0000e+00
6.3600e+02	1.9000e+01	1.4414e+02	-6.2257e-01	0.0000e+00	0.0000e+00
6.5700e+02	1.9000e+01	-8.2867e+01	4.6935e-01	0.0000e+00	0.0000e+00
6.7800e+02	1.9000e+01	-8.0345e+01	-9.5705e-01	0.0000e+00	0.0000e+00
6.9900e+02	1.9000e+01	-8.2767e+01	-8.9844e-01	0.0000e+00	0.0000e+00
7.2000e+02	1.9000e+01	-7.9497e+01	-4.7768e-01	0.0000e+00	0.0000e+00
7.4100e+02	1.9000e+01	-8.1621e+01	9.8126e-02	0.0000e+00	0.0000e+00
7.6200e+02	1.9000e+01	-7.6144e+01	-4.4394e+00	0.0000e+00	0.0000e+00
7.8300e+02	1.9000e+01	7.6742e+01	-1.4187e+01	0.0000e+00	0.0000e+00
8.0400e+02	1.9000e+01	-7.0618e+01	-2.0943e+01	0.0000e+00	0.0000e+00
8.2500e+02	1.9000e+01	9.7688e+00	-1.4442e+01	0.0000e+00	0.0000e+00
